12
20
0 30 47 194 gland.jpg
1 38 726 512 gendarme.jpg
2 51 485 165 champignon.jpg
3 44 50 420 chevreuil.jpg
4 74 63 33 renard.jpg
5 62 542 388 taupe.jpg
6 81 280 332 sanglier.jpg
7 70 299 38 lievre.jpg
8 21 684 284 ecureuil.jpg
9 32 689 70 vers_terre.jpg
10 18 320 495 pipit_arbre.jpg
11 21 535 -3 mure.jpg
0 6 0 0 0.3
1 8 0 62.5 0.38
2 3 0 40.625 0.51
3 3 11 28.125 0.44
4 10 1 0 0.74
5 4 11 37.5 0.62
6 4 7 59.375 0.81
7 4 5 46.875 0.7
8 5 9 56.25 0.21
9 7 11 25 0.32
10 7 2 68.75 0.18
11 6 5 43.75 0.21
12 6 9 34.375 0
13 6 0 68.75 0
14 6 7 87.5 0
15 10 1 21.875 0
16 10 9 50 8.57326e+027
17 5 1 40.625 -3.85503e-034
19 9 11 18.75 7.42727e-039
20 3 10 34 0
